🔢2
0,0__..(1 15),0
0,1__..(1 3),4

🔢4
1,0__..(2 15),0
1,1__..(2 14),2
1,2__..(2 3),0
1,3__..(2 2),2

🔢6
2,0__..(3 15),0
2,1__..(3 11),10
2,2__..(3 14),0
2,3__..(3 10),10
2,4__..(3 3),0
2,5__..(3 2),0

🔢9
3,0__..(4 15),0
3,1__..(4 14),1
3,2__..(4 11),0
3,3__..(4 10),1
3,4__..(4 13),1
3,5__..(4 9),1
3,6__..(4 3),0
3,7__..(4 2),1
3,8__..(4 1),1

🔢13
4,0__..(5 15),0
4,1__..(5 13),2
4,2__..(5 14),0
4,3__..(5 12),2
4,4__..(5 11),0
4,5__..(5 9),2
4,6__..(5 10),0
4,7__..(5 8),2
4,8__..(5 7),2
4,9__..(5 3),0
4,10__..(5 1),2
4,11__..(5 2),0
4,12__..(5 0),2

